C:\Users\Daniel Godoi\Desktop\Métodos Numéricos\p2>Main.py
Please, choose one of the options below
1. Input a new linear system (A and b) and the initial approximation vector
2. Use the default matrix and choose the value of w
Option: 2

Value of w: 0.3

Matrix size: 5
A = [1.0, 0.3, 0.09, 0.0, 0.0]
    [0.3, 1.0, 0.3, 0.09, 0.0]
    [0.09, 0.3, 1.0, 0.3, 0.09]
    [0.0, 0.09, 0.3, 1.0, 0.3]
    [0.0, 0.0, 0.09, 0.3, 1.0]
b = [1.0, 1.0, 1.0, 1.0, 1.0]
x0 = [0.0, 0.0, 0.0, 0.0, 0.0]
e = 1.00000000000000e-6

Line criterion:  [0.39, 0.69, 0.7799999999999999, 0.69, 0.39]
Line Criteria met! Running Gauss-Seidel Method.
Starting Gauss-Seidel Method => calculate x based on A, b and x0

k= 0
x0=[0.0, 0.0, 0.0, 0.0, 0.0]
x1=[1.0, 0.7, 0.7000000000000001, 0.7270000000000001, 0.7189000000000001]
error=1.0

k= 1
x1=[1.0, 0.7, 0.7000000000000001, 0.7270000000000001, 0.7189000000000001]
x2=[0.7270000000000001, 0.5064700000000001, 0.49982800000000005, 0.5887993, 0.7783756900000001]
error=0.3507303780260659

k= 2
x2=[0.7270000000000001, 0.5064700000000001, 0.49982800000000005, 0.5887993, 0.7783756900000001]
x3=[0.80307448, 0.556137319, 0.5141884990000001, 0.5621783845899999, 0.785069519713]
error=0.09472904680024191

k= 3
x3=[0.80307448, 0.556137319, 0.5141884990000001, 0.5621783845899999, 0.785069519713]
x4=[0.78688183939, 0.5590828438699, 0.5221460091427601, 0.5575178853949811, 0.7857514935586573]
error=0.020578236527294562

k= 4
x4=[0.78688183939, 0.5590828438699, 0.5221460091427601, 0.5575178853949811, 0.7857514935586573]
x5=[0.7852820060161816, 0.5575949857667692, 0.5240731236897395, 0.5568690661064717, 0.785772699035982]
error=0.0024525089117293348

k= 5
x5=[0.7852820060161816, 0.5575949857667692, 0.5240731236897395, 0.5568690661064717, 0.785772699035982]
x6=[0.7855549231378928, 0.5569933700021278, 0.5244217831717715, 0.5568122520374825, 0.7857583639032958]
error=0.0007656498387785569

k= 6
x6=[0.7855549231378928, 0.5569933700021278, 0.5244217831717715, 0.5568122520374825, 0.7857583639032958]
x7=[0.7857040285139022, 0.5568491538109246, 0.5244699629279301, 0.5568150781076491, 0.7857531799041916]
error=0.00018976108506186284

k= 7
x7=[0.7857040285139022, 0.5568491538109246, 0.5244699629279301, 0.5568150781076491, 0.7857531799041916]
x8=[0.7857429571932089, 0.5568227669339699, 0.5244739941487483, 0.5568177987600609, 0.7857520008985944]
error=4.9543213713921e-05

k= 8
x8=[0.7857429571932089, 0.5568227669339699, 0.5244739941487483, 0.5568177987600609, 0.7857520008985944]
x9=[0.7857505104464217, 0.5568190467330435, 0.5244737203310171, 0.5568185694251426, 0.7857517943426656]
error=9.612772464881716e-06

k= 9
x9=[0.7857505104464217, 0.5568190467330435, 0.5244737203310171, 0.5568185694251426, 0.7857517943426656]
x10=[0.7857516511502953, 0.5568187173073434, 0.5244735038858876, 0.5568187259737731, 0.7857517668581382]
error=1.4517356774675416e-06

k= 10
x10=[0.7857516511502953, 0.5568187173073434, 0.5244735038858876, 0.5568187259737731, 0.7857517668581382]
x11=[0.785751769458067, 0.556818732659174, 0.5244734441416574, 0.5568187507607357, 0.7857517647990301]
error=1.5056634460017166e-07


Criteria met!
Ending Gauss-Seidel Method.

The solution is x=[0.785751769458067, 0.556818732659174, 0.5244734441416574, 0.5568187507607357, 0.7857517647990301]
